100
2 58 135
30 100 222
93 159 70
63 204 30
73 227 113
118 23 105
207 156 85
87 129 126
179 198 92
213 126 157
50 157 106
44 146 181
175 224 97
194 167 218
5 78 77
10 117 171
12 169 175
20 209 41
79 229 46
177 18 129
205 37 182
25 93 21
180 16 78
17 214 188
106 31 61
144 169 1
101 138 19
209 7 102
140 147 103
107 58 36
88 220 10
168 38 195
11 190 169
149 21 140
219 102 6
135 7 132
156 143 176
145 23 161
69 22 108
128 186 28
31 44 9
81 42 90
41 172 150
176 217 67
60 38 229
76 133 96
166 21 86
134 11 210
221 189 120
210 72 95
3 213 184
77 20 145
26 75 130
89 1 49
72 113 112
203 154 197
222 54 109
21 219 62
183 148 81
9 209 204
224 158 178
7 128 20
129 165 221
94 211 23
113 93 50
117 47 89
147 201 54
187 202 43
16 92 2
58 110 172
198 218 144
121 191 37
173 3 163
181 12 185
190 160 38
52 179 155
104 35 207
27 12 17
34 189 114
59 198 147
120 205 52
191 106 142
141 61 48
217 129 51
108 49 58
99 53 209
131 153 162
152 37 131
212 140 136
98 57 117
53 67 226
18 102 191
24 144 99
48 222 83
157 180 74
188 110 154
158 160 215
153 26 205
197 214 75
64 20 124
